hamiltonian_params:
  regime: "2-photon"
  V_rr: 0.6283185307179586
  Omega_1a_max: 628.3185307179586
  Omega_ar: 879.645943005142
  Delta_1a: 12566.370614359172
  Delta_ar: -12566.370614359172
  t_begin: -10.0
  t_end: 10.0
  t_gaussian_width: 0.646265625
  t_constant_duration: 0.0
control_params:
  Nsteps: 100
  Tcontrol: 20.0
  Initialization: "Constant"
